146.674
133.334
57.8424
61.3451
89.2608
146.129
135.613
116.556
75.2255
65.9717
115.749
151.534
119.316
84.0864
47.3954
73.5534
117.529
142.039
122.396
75.1517
60.9396
94.656
151.695
140.702
104.866
60.764
70.4403
108.936
167.255
126.867
73.8093
57.1253
76.9862
121.436
147.478
129.499
71.2266
76.0349
89.9959
136.64
127.267
121.4
52.2942
80.3217
119.711
128.321
138.721
92.692
59.7738
68.3527
114.669
150.661
140.169
86.3594
61.858
64.3171
139.139
134.308
121.951
76.7118
47.8023
81.5366
153.042
155.111
124.824
62.1461
58.2982
82.0268
151.176
157.56
118.8
52.3415
70.8491
93.3411
142.845
146.837
111.443
46.3809
59.3476
114.051
154.593
152.592
95.4399
48.2105
53.0697
101.861
147.166
157.431
112.633
57.3384
37.2923
99.1393
170.632
168.516
107.163
32.311
30.5757
79.2037
159.733
154.511
125.084
31.2163
37.2974
96.0894
159.413
162.074
124.893
46.8507
41.9073
73.1526
160.571
161.568
117.838
46.145
2.84037
72.8657
136.788
192.235
136.742
52.0584
22.6876
53.577
134.681
186.752
148.992
70.7018
9.23386
27.9853
109.596
181.271
159.736
94.0731
3.9545
12.5762
101.513
173.869
179.085
117.069
30.8597
10.2838
44.1219
166
186.538
142.135
62.5182
-10.9838
23.6449
131.289
189.842
167.453
52.3883
1.37374
36.6665
106.454
176.347
186.216
120.118
18.5351
4.52661
73.1592
149.612
196.599
138.035
68.7565
17.206
34.6859
112.533
177.68
198.478
103.71
14.898
18.494
60.5204
153.554
182.785
148.048
66.8169
12.5597
48.9363
105.556
167.006
169.577
103.624
43.592
21.0826
64.036
162.875
199.028
168.798
70.7737
7.90525
49.0727
98.9892
173.227
173.24
136.93
36.4919
17.2325
58.5943
132.932
175.304
181.471
111.708
26.7578
17.3979
72.8742
143.693
183.458
145.349
73.3491
13.2432
15.1528
89.5328
171.704
185.622
136.488
62.1827
8.96973
41.6296
104.612
173.887
183.476
119.067
25.7277
-6.33885
52.2058
130.552
174.06
171.113
107.228
35.6625
1.27839
56.5471
143.461
212.39
185.207
93.0919
37.136
11.5178
56.863
136.568
196.5
174.394
111.269
17.7062
13.1913
64.5886
154.287
203.523
177.98
93.1591
16.1796
12.7942
63.5428
149.044
198.896
175.892
128.972
16.1892
16.9418
55.7423
138.586
189.982
194.02
112.186
21.2127
10.2731
32.9343
137.678
177.247
196.477
126.588
48.4487
30.7704
38.2917
121.045
186.341
177.197
138.406
81.0176
10.6648
28.6987
96.2023
171.229
166.234
163.186
86.231
26.6
17.7008
69.8987
114.495
179.315
142.598
106.174
57.9699
28.4404
43.1193
113.76
168.296
149.72
138.517
58.8777
34.2931
70.3953
94.9353
119.917
176.879
144.637
101.547
56.0539
45.0102
58.7532
126.353
155.94
162.577
117.33
66.5814
35.4257
51.8941
82.5631
124.153
150.011
179.701
118.659
62.5218
60.6548
77.8505
126.226
148.119
170.559
129.09
96.4885
61.4342
39.3824
86.6793
111.196
153.171
149.099
106.505
79.4255
48.6835
48.5144
90.8862
130.902
148.711
157.28
115.276
65.7463
45.5572
61.2767
106.704
135.257
150.889
163.155
107.901
59.5407
46.2123
45.3162
86.3782
117.05
150.392
140.849
107.892
82.2439
48.9571
60.9977
112.891
148.309
151.139
150.496
98.9004
72.9726
42.0262
73.5118
86.143
117.913
147.144
144.285
101.37
62.4303
59.9425
55.6489
106.59
127.146
152.723
137.402
118.583
55.2487
57.7522
37.5278
87.332
119.264
145.356
148.347
100.625
86.4659
73.1076
55.6349
75.3584
107.508
133.295
155.974
125.573
97.6756
67.2014
49.7028
70.3137
88.2656
133.961
159.415
140.29
117.747
71.2755
53.3699
68.0747
63.7115
135.82
149.09
134.552
153.983
102.063
65.9015
34.7728
76.7086
79.133
153.014
149.23
137.162
102.313
90.2473
70.3025
36.7621
56.8745
123.938
150.956
173.361
152.342
106.53
70.2827
40.7626
55.6736
80.8528
111.84
156.584
151.658
120.089
79.8253
68.4105
44.8767
65.2699
99.3968
131.619
139.183
155.373
107.382
88.9553
54.4963
49.4446
70.6232
84.3657
123.822
144.118
161.433
118.941
83.6203
60.4817
51.2768
46.1004
91.3364
97.4862
158.837
144.513
126.738
80.9909
75.5646
30.3819
46.5623
96.516
132.98
139.546
163.449
130.434
101.77
76.0217
59.362
63.3457
70.4899
100.519
126.998
139.478
154.441
110.765
76.5137
57.7646
42.0696
46.0745
90.978
127.102
133.544
155.31
128.215
94.3403
63.7286
37.0431
44.0205
90.5829
112.862
135.46
148.629
151.501
128.999
83.3676
61.6668
59.7221
66.1645
66.8886
123.734
139.808
163.646
146.975
113.468
68.4911
62.0959
57.1695
55.2781
73.8085
129.166
148.862
164.906
131.883
108.899
77.8627
63.1098
46.6563
59.7716
86.3829
118.459
139.867
158.587
157.58
111.511
84.021
65.0615
46.1907
36.6768
70.1071
109.835
136.934
169.552
145.89
115.977
81.5345
75.7966
58.8126
54.6705
59.7385
127.378
131.978
154.243
148.277
137.74
80.5015
80.6209
50.8013
24.4964
78.1291
82.2294
136.897
124.076
157.148
118.767
116.627
92.2844
68.2719
51.8832
43.1789
72.1052
114.098
139.943
136.899
148.609
125.17
100.374
77.8979
56.9803
32.7946
71.3964
78.2449
105.123
132.599
144.406
166.143
148.12
127.719
60.8513
52.5245
31.8713
43.1088
82.9147
121.39
122.747
148.917
123.736
90.7437
117.143
74.6436
60.209
33.3748
65.5089
83.311
101.136
122.424
144.804
150.204
139.951
100.08
84.6362
70.006
42.9354
48.1046
70.1545
78.4874
128.042
119.226
138.069
148.315
126.652
111.574
65.5889
71.4173
55.4513
32.674
81.3848
94.0693
132.649
137.602
151.048
122.089
137.056
115.119
77.0711
39.2346
49.9659
53.006
73.2829
122.918
123.172
161.664
149.127
159.614
115.679
113.622
81.6104
67.8718
42.2872
47.7382
73.6995
106.163
125.143
137.221
158.564
162.285
125.604
107.316
68.218
66.2963
28.0547
53.1625
49.0401
86.4927
112.319
119.55
145.971
139.342
145.747
130.148
94.0898
65.1737
55.0011
36.2845
48.2067
52.4319
91.6327
129.957
141.762
145.676
178.575
145.605
138.714
118.912
86.4988
44.8591
44.3924
43.2047
53.316
82.8309
114.539
126.944
166.375
168.359
151.277
127.078
75.0537
52.4854
54.6647
33.4477
16.206
40.6095
63.6357
93.6586
138.639
184.67
164.749
163.646
150.98
125.802
91.4064
50.0446
25.8989
27.4465
21.1724
52.4412
87.1816
109.768
131.205
174.719
179.121
185.71
157.215
134.055
81.6696
59.7199
9.76858
15.6276
-0.964188
22.9847
59.9913
102.251
153.337
164.768
206.985
180.326
156.429
156.887
105.32
63.5623
37.3185
12.2893
9.56648
9.92138
35.767
79.0463
99.0154
147.697
172.668
194.208
198.633
164.164
138.761
106.772
77.7778
24.451
17.2894
-7.73014
14.113
26.0552
71.046
103.144
135.688
168.161
202.821
200.724
184.574
157.365
128.026
70.6699
56.6181
33.0987
16.2796
11.1592
33.5652
56.0467
79.6438
133.261
138.836
165.291
168.477
174.811
167.877
156.459
114.107
75.4388
43.1181
34.2917
27.2569
28.2054
48.6651
59.162
62.0079
108.92
137.353
140.511
176.55
168.631
151.169
146.083
143.481
113.956
102.92
62.7867
52.8656
28.0773
31.9489
49.1002
63.7408
72.6805
117.463
113.722
127.055
154.116
157.133
149.89
137.191
147.349
118.073
92.3225
84.8962
64.5476
41.9182
34.0586
48.6127
61.3299
80.1379
86.0707
93.1398
138.583
127.233
153.492
130.154
141.911
151.381
119.891
136.168
115.384
85.4066
61.8681
56.4911
47.9335
41.3985
65.8359
70.1007
80.1766
91.9722
95.139
133.062
117.317
150.426
142.511
141.088
128.758
136.635
126.224
120.072
69.7573
64.4625
63.1211
52.1765
63.332
68.6889
44.1902
82.6718
89.225
94.0743
108.834
121.258
149.06
130.17
155.162
149.675
134.316
127.432
139.854
118.916
118.745
85.5691
46.5463
45.0744
47.2904
61.0623
46.4712
63.8902
82.205
92.4625
94.1743
98.3267
131.575
138.017
147.242
142.345
180.359
142.91
144.202
126.589
121.043
115.231
84.2547
75.6861
56.446
69.0291
68.5079
71.7692
54.2766
42.0313
62.2461
72.0472
85.9582
104.621
90.2836
123.117
145.598
147.623
129.255
146.414
152.104
144.44
125.373
134.542
125.534
102.953
92.2643
67.2021
54.3194
53.2337
49.7283
21.6969
57.6482
48.4616
54.2675
62.2355
79.1646
93.9056
99.3278
97.2675
100.784
133.173
123.819
131.585
170.753
153.136
138.485
134.589
131.379
118.769
121.612
105.577
103.161
68.5838
81.3321
64.2129
60.8388
37.9953
28.2284
64.5937
50.2137
43.6386
63.7269
74.9756
98.3272
101.227
106.784
112.153
116.512
147.109
138.717
162.802
135.592
161.634
165.852
153.815
138.441
124.862
114.203
100.166
117.584
110.286
71.6134
91.428
56.9319
63.1213
59.2096
56.7632
45.3819
69.9558
42.2978
55.5339
76.6265
53.2507
71.5823
87.9392
94.3486
